0.013794
0.016143
0.014987
0.014021
0.016419
0.019077
0.015409
1.618000
0.017448
0.013347
0.013490
0.016094
0.013203
0.012289
0.013512
0.013301
0.010534
0.010640
0.010000
0.013909
0.011895
0.013937
0.015052
0.013875
0.012220
0.012031
0.009083
0.008806
0.008979
0.008822
0.008448
0.011344
0.009027
0.009734
0.007631
0.008570
0.009020
0.008486
0.008348
0.008745
0.009002
0.008236
0.009162
0.008437
0.011236
0.008182
0.008874
0.007534
0.007989
0.008088
0.008856
0.008941
0.007614
0.007944
0.009522
0.009966
0.007732
0.007628
0.007935
0.008474
0.007484
0.009601
0.009308
0.007995
0.008228
0.007953
0.008298
0.007832
0.007552
0.008317
0.010598
0.007523
0.011581
0.008762
0.007751
0.006695
0.006482
0.007017
0.007154
0.007038
0.007037
0.008971
0.027418
0.015355
0.008635
0.009156
0.011106
0.010347
0.012300
0.035613
0.014831
0.007846
0.010031
0.007945
0.007822
0.007660
0.008600
0.007707
0.007791
0.007509
