0.007967
0.007846
0.008175
0.007762
0.007461
0.007435
0.007879
0.007562
0.006986
0.008601
0.008115
0.007183
0.007828
0.006858
0.007579
0.006711
0.007425
0.008439
0.008080
0.006971
0.007587
0.009234
0.007991
0.010735
0.007515
0.007522
0.006452
0.007514
0.007435
0.008534
0.006999
0.009243
0.007277
0.007453
0.006792
0.007063
0.008048
0.007470
0.007056
0.006994
0.008596
0.011131
0.007302
0.008941
0.007287
0.007070
0.008656
0.008735
0.009812
0.006918
0.005914
0.007674
0.006511
0.006708
0.007016
0.007122
0.006316
0.007472
0.006569
0.007156
0.006447
0.006715
0.007178
0.007280
0.006584
0.007758
0.007976
0.007417
0.007694
0.006545
0.007400
0.006946
0.008292
0.006899
0.007712
0.007282
0.007408
0.007814
0.006906
0.006879
0.007179
0.006542
0.007379
0.007653
0.007843
0.006943
0.007224
0.007152
0.006730
0.006665
0.008184
0.007526
0.006738
0.006451
0.006927
0.006909
0.006419
0.006331
0.007603
0.007365
0.007699
0.006624
0.006712
0.007819
0.006086
0.006475
0.006299
0.006984
0.006836
0.006551
0.006455
0.007422
0.007015
0.007009
0.007647
0.007435
0.006489
0.007104
0.007865
0.008534
0.006510
0.006579
0.006941
0.007224
0.007056
0.008962
0.006456
0.007444
0.007160
0.006791
0.007529
0.007899
0.007766
0.007740
0.006547
0.008407
0.006811
0.006191
0.007409
0.005973
0.006574
0.007056
0.006131
0.007055
0.007406
0.006430
0.006317
0.007952
0.007583
0.006603
