0.007830
0.006701
0.007939
0.006565
0.007769
0.007839
0.008402
0.008108
0.008168
0.007879
0.008923
0.008411
0.008372
0.007941
0.009833
0.013554
0.008570
0.007681
0.008573
0.007913
0.008525
0.008710
0.010648
0.011273
0.013415
0.009004
0.007928
0.007393
0.008792
0.009064
0.007396
0.009606
0.008952
0.007712
0.006978
0.008688
0.007744
0.008842
0.007892
0.008887
0.007438
0.008647
0.007831
0.007986
0.010703
0.008602
0.007288
0.008112
0.008555
0.007900
0.007086
0.006737
0.009111
0.007617
0.007243
0.007272
0.007313
0.007998
0.007797
0.007650
0.008828
0.008142
0.006912
0.007706
0.007135
0.007648
0.010047
0.007824
0.009109
0.008028
0.007407
0.007774
0.007086
0.007130
0.007535
0.008497
0.010862
0.007593
0.006678
0.008658
0.010256
0.007754
0.007839
0.008228
0.009773
0.008071
0.007448
0.008258
0.007739
0.007576
0.008814
0.007156
0.008214
0.007983
0.007924
0.007081
0.007590
0.007629
0.008073
0.007585
0.008387
0.009047
0.008342
0.009628
0.008067
0.008011
0.007723
0.008330
0.008828
0.007614
0.008936
0.007795
0.007541
0.007191
0.007257
0.007850
0.008042
0.008045
0.008151
0.012539
0.008042
0.007266
0.010022
0.010565
0.007747
0.008331
0.008111
0.008819
0.008064
0.007499
0.007685
0.009859
0.008683
0.010452
0.007283
0.007569
0.007812
0.007889
0.009565
0.019174
0.008339
0.009138
0.009709
0.008574
0.008304
0.010784
0.006996
0.006875
0.008147
0.006329
